<?xml version="1.0" encoding="UTF-8"?>
<struktogramm fontfamily="83;101;114;105;102;" fontstyle="0" fontsize="15">
  <strelem typ="1" zx="0" zy="0" textcolor="-16777216" bgcolor="-1">
    <text>66;101;97;114;98;101;105;116;101;110;</text>
    <fall fallname="74;97;">
      <strelem typ="0" zx="0" zy="0" textcolor="-16777216" bgcolor="-1">
        <text>65;117;115;108;101;115;101;110;32;100;101;115;32;73;116;101;109;115;32;97;110;104;97;110;100;32;100;101;114;32;73;68;32;105;110;32;100;101;114;32;65;117;115;103;101;119;228;104;108;116;101;110;32;76;105;115;116;101;</text>
      </strelem>
    </fall>
    <fall fallname="78;101;105;110;">
      <strelem typ="0" zx="0" zy="0" textcolor="-16777216" bgcolor="-1">
        <text>69;114;115;116;101;108;108;101;110;32;101;105;110;101;115;32;110;101;117;101;110;32;73;116;101;109;115;</text>
      </strelem>
    </fall>
  </strelem>
  <strelem typ="0" zx="0" zy="0" textcolor="-16777216" bgcolor="-1">
    <text>65;117;115;108;101;115;101;110;32;100;101;114;32;101;105;110;103;101;103;101;98;101;110;101;110;32;68;97;116;101;110;</text>
  </strelem>
  <strelem typ="0" zx="0" zy="0" textcolor="-16777216" bgcolor="-1">
    <text>85;109;119;97;110;100;101;108;110;32;105;110;32;101;105;110;104;101;105;116;108;105;99;104;101;32;68;97;116;101;110;</text>
    <text>40;44;32;122;117;32;46;32;117;110;100;32;71;66;44;32;84;66;32;44;32;46;46;46;32;105;110;32;77;66;41;</text>
  </strelem>
  <strelem typ="1" zx="0" zy="0" textcolor="-16777216" bgcolor="-1">
    <text>66;101;114;101;105;116;115;32;86;111;114;104;97;110;100;101;110;</text>
    <fall fallname="74;97;">
      <strelem typ="0" zx="0" zy="0" textcolor="-16777216" bgcolor="-1">
        <text>85;112;100;97;116;101;32;100;101;115;32;73;116;101;109;115;</text>
      </strelem>
    </fall>
    <fall fallname="78;101;105;110;">
      <strelem typ="0" zx="0" zy="0" textcolor="-16777216" bgcolor="-1">
        <text>65;110;108;101;103;101;110;32;100;101;115;32;73;116;101;109;115;</text>
      </strelem>
    </fall>
  </strelem>
  <strelem typ="0" zx="0" zy="0" textcolor="-16777216" bgcolor="-1">
    <text>82;101;102;114;101;115;104;32;100;101;114;32;65;110;122;101;105;103;101;</text>
  </strelem>
</struktogramm>

