<?xml version="1.0" encoding="UTF-8"?>
<struktogramm fontfamily="83;101;114;105;102;" fontstyle="0" fontsize="15">
  <strelem typ="4" zx="0" zy="0" textcolor="-16777216" bgcolor="-1">
    <text>87;101;110;110;32;65;117;115;103;101;119;228;104;108;116;101;32;73;116;101;109;115;32;62;32;48;</text>
    <schleifeninhalt>
      <strelem typ="2" zx="0" zy="0" textcolor="-16777216" bgcolor="-1">
        <text>32;32;32;32;32;32;32;32;32;32;32;32;32;32;32;32;32;32;32;32;32;32;32;32;32;32;32;32;32;32;32;32;32;32;32;32;32;32;32;32;32;84;121;112;32;100;101;115;32;65;117;115;103;101;119;228;104;108;116;101;110;32;73;116;101;109;115;</text>
        <fall fallname="82;65;77;">
          <strelem typ="0" zx="0" zy="0" textcolor="-16777216" bgcolor="-1">
            <text>118;97;114;32;100;97;116;97;65;99;99;101;115;115;32;61;</text>
            <text>68;97;116;101;110;98;97;110;107;32;122;117;103;114;105;102;102;32;97;117;102;32;100;105;101;32;84;97;98;101;108;108;101;32;82;65;77;</text>
          </strelem>
          <strelem typ="0" zx="0" zy="0" textcolor="-16777216" bgcolor="-1">
            <text>118;97;114;32;105;100;32;61;32;73;68;32;100;101;115;32;65;117;115;103;101;119;228;104;108;116;101;110;32;73;116;101;109;115;</text>
          </strelem>
          <strelem typ="0" zx="0" zy="0" textcolor="-16777216" bgcolor="-1">
            <text>76;246;115;99;104;101;110;32;100;101;114;32;73;68;32;97;117;115;32;100;101;109;32;100;97;116;97;65;99;99;101;115;115;</text>
          </strelem>
          <strelem typ="0" zx="0" zy="0" textcolor="-16777216" bgcolor="-1">
            <text>78;101;117;32;65;117;115;108;101;115;101;110;32;100;101;114;32;73;116;101;109;115;32;100;101;114;32;84;97;98;101;108;108;101;</text>
          </strelem>
        </fall>
        <fall fallname="68;105;115;107;">
          <strelem typ="0" zx="0" zy="0" textcolor="-16777216" bgcolor="-1">
            <text>118;97;114;32;100;97;116;97;65;99;99;101;115;115;32;61;</text>
            <text>68;97;116;101;110;98;97;110;107;32;122;117;103;114;105;102;102;32;97;117;102;32;100;105;101;32;84;97;98;101;108;108;101;32;68;105;115;107;</text>
          </strelem>
          <strelem typ="0" zx="0" zy="0" textcolor="-16777216" bgcolor="-1">
            <text>118;97;114;32;105;100;32;61;32;73;68;32;100;101;115;32;65;117;115;103;101;119;228;104;108;116;101;110;32;73;116;101;109;115;</text>
          </strelem>
          <strelem typ="0" zx="0" zy="0" textcolor="-16777216" bgcolor="-1">
            <text>76;246;115;99;104;101;110;32;100;101;114;32;73;68;32;97;117;115;32;100;101;109;32;100;97;116;97;65;99;99;101;115;115;</text>
          </strelem>
          <strelem typ="0" zx="0" zy="0" textcolor="-16777216" bgcolor="-1">
            <text>78;101;117;32;65;117;115;108;101;115;101;110;32;100;101;114;32;73;116;101;109;115;32;100;101;114;32;84;97;98;101;108;108;101;</text>
          </strelem>
        </fall>
        <fall fallname="71;114;97;102;105;107;32;75;97;114;116;101;">
          <strelem typ="0" zx="0" zy="0" textcolor="-16777216" bgcolor="-1">
            <text>118;97;114;32;100;97;116;97;65;99;99;101;115;115;32;61;</text>
            <text>68;97;116;101;110;98;97;110;107;32;122;117;103;114;105;102;102;32;97;117;102;32;100;105;101;32;84;97;98;101;108;108;101;32;71;114;97;102;105;107;32;75;97;114;116;101;</text>
          </strelem>
          <strelem typ="0" zx="0" zy="0" textcolor="-16777216" bgcolor="-1">
            <text>118;97;114;32;105;100;32;61;32;73;68;32;100;101;115;32;65;117;115;103;101;119;228;104;108;116;101;110;32;73;116;101;109;115;</text>
          </strelem>
          <strelem typ="0" zx="0" zy="0" textcolor="-16777216" bgcolor="-1">
            <text>76;246;115;99;104;101;110;32;100;101;114;32;73;68;32;97;117;115;32;100;101;109;32;100;97;116;97;65;99;99;101;115;115;</text>
          </strelem>
          <strelem typ="0" zx="0" zy="0" textcolor="-16777216" bgcolor="-1">
            <text>78;101;117;32;65;117;115;108;101;115;101;110;32;100;101;114;32;73;116;101;109;115;32;100;101;114;32;84;97;98;101;108;108;101;</text>
          </strelem>
        </fall>
        <fall fallname="77;111;116;104;101;114;98;111;97;114;100;">
          <strelem typ="0" zx="0" zy="0" textcolor="-16777216" bgcolor="-1">
            <text>118;97;114;32;100;97;116;97;65;99;99;101;115;115;32;61;</text>
            <text>68;97;116;101;110;98;97;110;107;32;122;117;103;114;105;102;102;32;97;117;102;32;100;105;101;32;84;97;98;101;108;108;101;32;77;111;116;104;101;114;98;111;97;114;100;</text>
          </strelem>
          <strelem typ="0" zx="0" zy="0" textcolor="-16777216" bgcolor="-1">
            <text>118;97;114;32;105;100;32;61;32;73;68;32;100;101;115;32;65;117;115;103;101;119;228;104;108;116;101;110;32;73;116;101;109;115;</text>
          </strelem>
          <strelem typ="0" zx="0" zy="0" textcolor="-16777216" bgcolor="-1">
            <text>76;246;115;99;104;101;110;32;100;101;114;32;73;68;32;97;117;115;32;100;101;109;32;100;97;116;97;65;99;99;101;115;115;</text>
          </strelem>
          <strelem typ="0" zx="0" zy="0" textcolor="-16777216" bgcolor="-1">
            <text>78;101;117;32;65;117;115;108;101;115;101;110;32;100;101;114;32;73;116;101;109;115;32;100;101;114;32;84;97;98;101;108;108;101;</text>
          </strelem>
        </fall>
        <fall fallname="77;111;110;105;116;111;114;">
          <strelem typ="0" zx="0" zy="0" textcolor="-16777216" bgcolor="-1">
            <text>118;97;114;32;100;97;116;97;65;99;99;101;115;115;32;61;</text>
            <text>68;97;116;101;110;98;97;110;107;32;122;117;103;114;105;102;102;32;97;117;102;32;100;105;101;32;84;97;98;101;108;108;101;32;77;111;110;105;116;111;114;</text>
          </strelem>
          <strelem typ="0" zx="0" zy="0" textcolor="-16777216" bgcolor="-1">
            <text>118;97;114;32;105;100;32;61;32;73;68;32;100;101;115;32;65;117;115;103;101;119;228;104;108;116;101;110;32;73;116;101;109;115;</text>
          </strelem>
          <strelem typ="0" zx="0" zy="0" textcolor="-16777216" bgcolor="-1">
            <text>76;246;115;99;104;101;110;32;100;101;114;32;73;68;32;97;117;115;32;100;101;109;32;100;97;116;97;65;99;99;101;115;115;</text>
          </strelem>
          <strelem typ="0" zx="0" zy="0" textcolor="-16777216" bgcolor="-1">
            <text>78;101;117;32;65;117;115;108;101;115;101;110;32;100;101;114;32;73;116;101;109;115;32;100;101;114;32;84;97;98;101;108;108;101;</text>
          </strelem>
        </fall>
        <fall fallname="80;114;111;122;101;115;115;111;114;">
          <strelem typ="0" zx="0" zy="0" textcolor="-16777216" bgcolor="-1">
            <text>118;97;114;32;100;97;116;97;65;99;99;101;115;115;32;61;</text>
            <text>68;97;116;101;110;98;97;110;107;32;122;117;103;114;105;102;102;32;97;117;102;32;100;105;101;32;84;97;98;101;108;108;101;32;80;114;111;122;101;115;115;111;114;</text>
          </strelem>
          <strelem typ="0" zx="0" zy="0" textcolor="-16777216" bgcolor="-1">
            <text>118;97;114;32;105;100;32;61;32;73;68;32;100;101;115;32;65;117;115;103;101;119;228;104;108;116;101;110;32;73;116;101;109;115;</text>
          </strelem>
          <strelem typ="0" zx="0" zy="0" textcolor="-16777216" bgcolor="-1">
            <text>76;246;115;99;104;101;110;32;100;101;114;32;73;68;32;97;117;115;32;100;101;109;32;100;97;116;97;65;99;99;101;115;115;</text>
          </strelem>
          <strelem typ="0" zx="0" zy="0" textcolor="-16777216" bgcolor="-1">
            <text>78;101;117;32;65;117;115;108;101;115;101;110;32;100;101;114;32;73;116;101;109;115;32;100;101;114;32;84;97;98;101;108;108;101;</text>
          </strelem>
        </fall>
        <fall fallname="72;101;114;115;116;101;108;108;101;114;">
          <strelem typ="0" zx="0" zy="0" textcolor="-16777216" bgcolor="-1">
            <text>118;97;114;32;100;97;116;97;65;99;99;101;115;115;32;61;</text>
            <text>68;97;116;101;110;98;97;110;107;32;122;117;103;114;105;102;102;32;97;117;102;32;100;105;101;32;84;97;98;101;108;108;101;32;72;101;114;115;116;101;108;108;101;114;</text>
          </strelem>
          <strelem typ="0" zx="0" zy="0" textcolor="-16777216" bgcolor="-1">
            <text>118;97;114;32;105;100;32;61;32;73;68;32;100;101;115;32;65;117;115;103;101;119;228;104;108;116;101;110;32;73;116;101;109;115;</text>
          </strelem>
          <strelem typ="0" zx="0" zy="0" textcolor="-16777216" bgcolor="-1">
            <text>76;246;115;99;104;101;110;32;100;101;114;32;73;68;32;97;117;115;32;100;101;109;32;100;97;116;97;65;99;99;101;115;115;</text>
          </strelem>
          <strelem typ="0" zx="0" zy="0" textcolor="-16777216" bgcolor="-1">
            <text>78;101;117;32;65;117;115;108;101;115;101;110;32;100;101;114;32;73;116;101;109;115;32;100;101;114;32;84;97;98;101;108;108;101;</text>
          </strelem>
        </fall>
      </strelem>
    </schleifeninhalt>
  </strelem>
  <strelem typ="0" zx="0" zy="0" textcolor="-16777216" bgcolor="-1">
    <text>65;117;115;98;108;101;110;100;101;110;32;100;101;114;32;73;68;32;83;112;97;108;116;101;</text>
  </strelem>
  <strelem typ="0" zx="0" zy="0" textcolor="-16777216" bgcolor="-1">
    <text>78;101;117;32;76;97;100;101;110;32;100;101;114;32;84;97;98;108;101;108;108;101;110;32;73;110;104;97;108;116;101;</text>
  </strelem>
</struktogramm>

